75971137349
70636773804
70051032892
70047401704
70043367360
70029783569
70000641349
70026390948
70020654293
70013053471
70001254843
70007224919
70001735832
70003612289
70001898354
70006594864
70008568069
70013676546
70018597197
70016777669
70016674913
70017650288
70019956767
70025382464
70022357481
70026705196
70027136868
70040563892
70032424151
70032243067
70031321594
70035985850
70034675087
70035820749
70039052918
70038530876
70036337294
70040348895
70042416081
70042110025
70040710806
70047177444
70046391419
70049821792
70512102883
70143692378
70122062302
70102651489
70089717139
70075473399
70074942357
70059797456
70051437453
70054929419
70054330497
70054931790
70057304870
70067071749
70062996791
70060260732
70059900841
70060612909
70060864304
70060992622
70062409650
70066989369
70065898162
70063444050
70073613577
70070459045
70075259707
70083832861
70079415371
70079198586
70081984021
70080616390
70088767123
70092114061
70094462423
70097722524
70095591249
70098986935
70098016890
70120792871
70102738324
70105611770
70104718404
70104411297
70115582452
70112942753
70107055756
70107698563
70110240761
70114994726
70114178867
70119698887
70118260134
70115700466
70117003302
70136102710
70134637586
70128173252
70122361454
70124052178
70123514535
70122589154
70125687414
70124275130
70129261830
70129074440
70132463467
70129657550
70129837169
70139545214
70141899091
70140650873
70143043736
70150237661
70147562024
70145660670
70146318691
70147356646
70147157589
70147475184
70148555956
70148743446
70150095427
70234526552
70170067241
70159251398
70152007468
70157225959
70152105426
70153372309
70155119246
70153618573
70154826693
70157762682
70157291352
70157446129
70158310391
70167899723
70163757698
70161170334
70160533947
70161355249
70163807658
70165866255
70164275264
70166712347
70168557213
70168168190
70168993276
70169676774
70177244544
70172057572
70230420449
70207618196
70197098955
70195529566
70190153322
70181881457
70178990090
70178913093
70177465735
70186304732
70189307200
70192632664
70190945457
70190465905
70194458703
70199688714
70198641656
70198058774
70198184775
70203293928
70200434121
70200361679
70202541940
70200908776
70201309540
70205633997
70222294001
70220293626
70218626636
70211733052
70213228420
70213312871
70214113993
70225252474
70223507827
70223785865
70229075103
70225354779
70230160201
70232265638
70232016009
70231961235
70230866578
70231512197
70232054715
70234494173
70233877939
70233525729
70233980766
70406240565
70307144614
70295181279
70255602673
70247763364
70244293664
70235955237
70235935647
70235729850
70235949417
70236698435
70239188351
70238921743
70237383780
70239084026
70241317406
70239434825
70243608285
70242172565
70242410766
70242428061
70246670439
70245651327
70250846784
70268524461
70258644654
70257364016
70256939163
70264596554
70261211375
70260268652
70261403525
70263498741
70262051065
70263899308
70266508861
70264617901
70265308450
70266043282
70282291598
70277212912
70276134909
70271149205
70271481173
70275769236
70279439291
70281302162
70289052038
70288215295
70295063217
70294398365
70289553844
70291565306
70289708821
70292070802
70292711536
70293096504
70294643234
70302450986
70297017787
70304026963
70307120044
70350454404
70338874332
70311531736
70308583347
70322622223
70312981965
70312525800
70319020041
70316156522
70317724598
70316636194
70316695667
70321119770
70322399688
70323282292
70323125845
70322813320
70329431947
70325460204
70327655297
70327645459
70330428086
70330039636
70335111430
70334236589
70332787527
70336584257
70336906982
70337045910
70337734604
70337238820
70338142679
70349422275
70344267773
70343326857
70339441622
70340063215
70341405048
70344925264
70347431883
70384461675
70371514651
70351505797
70351362556
70352812193
70352224318
70368590088
70358041414
70354765777
70353571078
70355709293
70356153604
70356969609
70363364270
70359225164
70359241222
70360096571
70366039891
70363862438
70364393290
70365313538
70367124392
70369478106
70369701801
70371276503
70379183343
70372295661
70371633963
70378728136
70375342401
70374218186
70381549115
70380963744
70380419521
70381251884
70382832477
70383189129
70404584948
70396239639
70391843312
70388303917
70384595576
70387661972
70392408858
70393118166
70401021573
70406190376
70405785998
70405734486
70406123400
70439304152
70420545713
70408239842
70412954308
70409965502
70408998964
70408788535
70409923919
70412540575
70419361400
70413413976
70418110645
70418094625
70419841313
70427049281
70425358828
70432312888
70428644038
70427943766
70437491579
70436352451
70432549364
70433906493
70437197533
70436919767
70439183800
70472459868
70447927999
70441146270
70439943002
70441049251
70447189288
70444432321
70442120923
70442960203
70447315863
70455700706
70449430832
70451859360
70450350446
70451430906
70451532966
70454597397
70452325147
70454986825
70458258799
70455769777
70467394029
70464132456
70461563757
70466551942
70465738848
70464514358
70465919229
70465977807
70466205965
70466894164
70470248620
70506852042
70506654385
70500241180
70475142955
70474235784
70474077344
70489283974
70475545291
70479427651
70477794947
70477588039
70478322429
70478929364
70488245177
70499128810
70495845481
70490079938
70489312524
70494863451
70492308317
70495689842
70496406104
70496044043
70499788590
70500723442
70506508326
70503658139
70509807046
70507756629
70507495413
70509134700
70510374425
70541308019
70529650436
70525971877
70517403884
70516040303
70516841521
70516313632
70518972915
70522341168
70520753260
70520546314
70521540068
70523269933
70524899285
70524627390
70524701652
70529614291
70529571787
70530581152
70529790171
70530285908
70536737204
70535687946
70531642268
70535623117
70532634365
70540701891
70566566400
70543931819
70541327076
70541348756
70541583587
70541435637
70560258970
70549334703
70546364028
70548472072
70555399770
70549871823
70551329647
70557259463
70557552917
70564509651
70563565866
70593585802
70588359755
70579441117
70574515103
70574442759
70571127838
70570857202
70573004168
70576735039
70577894299
70587293979
70580634062
70584677967
70587879225
70592051799
70592272914
70618921224
70601864334
70596553926
70594590871
70594560831
70594388087
70594664623
70595564854
70594768350
70601531842
70598304491
70597337465
70599798033
70601583904
70611099578
70604410701
70601960444
70604000083
70603823443
70607067012
70605738900
70609689177
70607414596
70616242772
70615057069
70614118189
70611723741
70614028044
70614678982
70617368698
70629068017
70628846384
70622197223
70621973583
70623302265
70626391481
70627213005
70636056081
70630433166
70635484316
70632486170
70631174257
74942871137
71798089302
70964316687
70857918182
70661346032
70653561669
70637840281
70639856986
70638683393
70639406851
70639044848
70642928062
70641766681
70641343800
70642570355
70642763486
70643580443
70652657363
70645114805
70652372563
70647299639
70645743400
70654572294
70654491966
70654035854
70660722605
70659431829
70657004121
70655057303
70654582760
70655502861
70656142851
70659003594
70658920132
70657046853
70659404644
70729209079
70670112638
70663082346
70667925757
70667790029
70667252856
70663681129
70666779604
70668524732
70714061757
70696667224
70684548056
70676422518
70675690201
70672401594
70672305716
70671267921
70673051956
70673794635
70683819176
70682280067
70683684902
70689344094
70689261835
70694035159
70692506186
70690401900
70691821285
70695228599
70695425148
70706817464
70701487425
70699484073
70696943256
70704527620
70703008145
70702053006
70705518832
70711429529
70711347992
70726603562
70717994911
70715599248
70714526766
70716717609
70715661232
70724168318
70720199569
70718739060
70720137225
70722539038
70722108987
70722646454
70724383601
70725211861
70728070629
70762606890
70730435706
70739474127
70735103885
70731615741
70736047402
70737252659
70737098757
70737603437
70737950978
70748454485
70742266794
70739927631
70739921398
70741014257
70743301797
70743507793
70755954974
70753749496
70749806202
70748707382
70749756601
70750908744
70751355794
70761551011
70757308134
70758647028
70789594824
70783529510
70769784461
70767251774
70768488460
70780011991
70779384223
70770758441
70770617799
70781734314
70781586195
70780094271
70780869990
70781768226
70781735492
70787664721
70784464184
70786051172
70784544248
70785285555
70785208738
70786931058
70789313392
70788046893
70787753890
70787791232
70788393065
70789567083
70849200089
70818747504
70809341542
70804122051
70797085662
70794928340
70792913547
70790878296
70794941442
70799131476
70797894831
70797333541
70798651800
70800968938
70807115315
70806107879
70806052036
70808718390
70807439222
70807342343
70809012047
70811240622
70810475378
70818172544
70813360078
70816388195
70815959257
70836667510
70830610416
70821601492
70820489128
70820371769
70819245608
70820491066
70825069329
70824959894
70828833292
70828210749
70835113864
70832202506
70839311042
70844720314
70842297389
70848393587
70853590260
70850613409
70852844865
70854324894
70854255289
70857793135
70924425351
70909620508
70873080775
70867778616
70859428535
70861222194
70864461535
70863708862
70861813509
70862806048
70867450662
70870823112
70868664373
70887736874
70874387348
70883249680
70882146880
70882016206
70878750436
70881176065
70879031032
70882760747
70885185392
70883330671
70889661627
70901658987
70896198373
70893968828
70892685646
70890925793
70893759977
70900505581
70899359165
70903517993
70914374894
70914301496
70912538260
70913258049
70913896113
70922365211
70919388731
70919134110
70944629090
70929768740
70926559018
70927160520
70928577923
70929319361
70942924435
70940358371
70931758359
70934002991
70932815718
70935133803
70934828538
70935928742
70937463361
70941858096
70943873558
70943246477
70955853145
70952441067
70949576924
70945176582
70945575386
70948020725
70946803191
70949188597
70949361027
70950044858
70950450321
70950345482
70951857391
70955121292
70952536246
70952515724
70954539778
70963667636
70957149712
70956520070
70956735333
70958628473
70959689449
70961810212
70964127578
71537350593
71464644139
71191279875
70995466081
70993828201
70973777434
70968017350
70964334240
70967825838
70965988182
70970964361
70970145229
70988956681
70981776238
70979618649
70974087836
70977335947
70978576533
70984025066
70982686620
70982008081
70983576539
70988713858
70984498852
70986542770
70986316412
70989484370
70990092116
70990984753
70990598682
70991915083
70994402157
71054300748
71034445114
71012894915
71011334547
71007984774
71006961807
71005917467
71001143710
70998759282
71000023291
71003437567
71005410103
71007302473
71008441349
71008515504
71009020539
71026724594
71018200522
71016980002
71014757440
71014631917
71017818640
71021458210
71023314606
71026711629
71031517787
71027855464
71043478539
71037268265
71034984259
71035306396
71043179073
71042086284
71041898462
71039824449
71051412655
71049186693
71046796729
71044996914
71048683119
71049703347
71053512865
71052490258
71093494263
71072634534
71069794386
71054869637
71067758694
71064338381
71063043630
71062068909
71056462283
71058488609
71063917533
71066256305
71064682344
71069036832
71071398233
71084866928
71074213122
71073980946
71081738471
71074424780
71080001849
71075780061
71078360612
71077271737
71084613525
71082502225
71081988380
71090132029
71092357269
71092032267
71168330015
71163590809
71154403705
71100449306
71094892548
71094156411
71099786927
71143964415
71103384864
71100594311
71139168196
71139004558
71124132325
71105015611
71103503059
71103867450
71104707215
71123456155
71112102390
71110283156
71105172550
71106066160
71106976515
71107603617
71110063026
71108418420
71113401788
71112529063
71120219618
71118517515
71114473844
71122708773
71120560999
71121491714
71126133192
71125974678
71125513529
71126132375
71135724072
71127588646
71127065395
71126979954
71126868134
71128107034
71127879016
71133074336
71131036579
71130465782
71132194047
71131824385
71135430663
71137460002
71136666754
71136793691
71142343610
71143256696
71142981942
71143758667
71151473049
71145365416
71148006458
71148840092
71148061342
71148401797
71150709645
71148911010
71151851843
71163017921
71155138008
71160373005
71157123811
71155165523
71160479211
71163136774
71166267983
71165449027
71167103689
71178008926
71170873588
71171881860
71173271120
71190518800
71189906576
71188238161
71184601633
71179601655
71180880940
71190064584
71202692556
71199821760
71197052797
71192814942
71191432293
71192655943
71191564851
71195869975
71193879222
71200634215
71200060076
71200270435
71201460285
71380178459
71363535097
71319408866
71231606679
71203182606
71213439466
71206523812
71205249233
71204335390
71206114735
71207923930
71210981973
71211555075
71213144015
71222112849
71219524311
71215301322
71214339309
71229609831
71223908377
71227623827
71247516975
71240116220
71239252144
71232958649
71242581818
71244147791
71318935185
71257224851
71253015449
71247714601
71255510073
71256600620
71277713000
71274008434
71259036288
71266538043
71261222378
71266484274
71264308568
71268485154
71267972234
71270265095
71275647374
71312989711
71278014820
71277846605
71279541134
71278248337
71308569156
71283443351
71281592256
71279719295
71308549013
71293375879
71286167024
71289497903
71288770729
71290268429
71290750770
71296798068
71303531210
71300935561
71302488251
71308012346
71310597925
71311123869
71318562559
71314861877
71317080565
71316156536
71316716641
71354648334
71321884882
71348680900
71323600958
71323240252
71335107163
71327086813
71324120447
71324530733
71334685928
71334128113
71331129865
71328628073
71331645626
71336613025
71335611965
71336441897
71340401475
71336762364
71343688359
71344656296
71344793860
71347842823
71348808428
71353830083
71351176998
71348974660
71348890343
71349780768
71351469670
71351724633
71360818875
71356864906
71360150092
71361773439
71361205636
71363071377
71365179148
71368419673
71367395433
71374684060
71374124561
71369616746
71368718972
71372715458
71369834055
71372515850
71375536550
71375139107
71402058242
71400912839
71396112187
71392085305
71384335630
71383295648
71381751592
71387340465
71387084926
71384954370
71386470342
71390161428
71392323101
71399813215
71398495399
71398219789
71401569729
71401421814
71423431374
71419653578
71416089733
71411491995
71403193538
71402936652
71407351620
71412100757
71411687686
71413110600
71412304076
71412232065
71418203498
71417937399
71421375120
71422519435
71422564197
71428149706
71424890693
71424265390
71426647714
71435448495
71429113011
71430155002
71430140122
71435101887
71430461789
71433285372
71432515536
71434500925
71438664129
71437156322
71437865041
71437628523
71453709717
71450239468
71438993728
71447422002
71440369531
71442291940
71441924179
71447056906
71445782207
71445558077
71446154566
71449316333
71450482709
71460431870
71453991138
71459345587
71454246008
71464402865
71460935834
71460535154
71460433817
71460901112
71523046122
71476991683
71465272390
71471483856
71466443118
71466622540
71472818516
71471901779
71471764048
71474077055
71474195132
71497205227
71478030208
71477643538
71482609273
71479109040
71478058991
71480577519
71481254591
71482519388
71488260743
71482919754
71485405086
71494388957
71489293514
71491644105
71489380002
71493861243
71511545379
71510736203
71498714741
71497905405
71498010484
71499289920
71504616915
71502110220
71507280575
71507456415
71519058750
71518111073
71512936131
71512371917
71519757696
71519453332
71520800934
71520905906
71529119131
71523412690
71524887400
71526054794
71525770009
71532621407
71530054949
71530002954
71534625197
71532651130
71535109231
71537328841
71561710655
71545134342
71539462053
71539202873
71538365996
71537475731
71539379675
71558815459
71546294993
71549880216
71547582841
71555716235
71550698662
71550320750
71553732045
71556918107
71557534173
71557318159
71559427818
71559217772
71560120409
71594590297
71591206030
71563896141
71562013908
71588743984
71586863273
71578894324
71566790952
71564584984
71564180889
71570369229
71568463501
71568140202
71578159315
71570473381
71575745192
71586479252
71587886486
71590804796
71588834148
71588848278
71592207782
71594127676
71592387362
71594509785
71608588575
71598662318
71596381347
71602571085
71602184794
71600874166
71600118023
71606305150
71603050999
71603689469
71604373845
71606327722
71685130750
71636883756
71620612354
71609646033
71615643972
71615090546
71610245274
71614079479
71612261602
71611968981
71610536794
71613346093
71619562494
71615802204
71635019745
71631847189
71628977648
71623249190
71625961414
71627691413
71628600082
71631723940
71634936056
71634856067
71632280936
71635308837
71651758159
71637554799
71651467452
71645730497
71644617113
71639281847
71643437600
71643472038
71646913729
71665585783
71653304214
71652171480
71664341006
71662272359
71664323701
71663908616
71677521384
71674731451
71673115371
71666357977
71667530545
71677251677
71676080156
71676920361
71682993592
71677810561
71731253510
71690108436
71689895633
71685786038
71707858760
71694988200
71692803723
71694173152
71701298240
71699180933
71696942689
71700860839
71701551849
71716864147
71715201302
71708621042
71715003451
71716771139
71715585714
71731044567
71720982039
71718459357
71723726562
71722644442
71728307070
71785337900
71738890548
71735399945
71732808577
71735261341
71733186468
71735440080
71737575243
71738140619
71755103012
71746848500
71745687592
71745672255
71742697316
71742177410
71746206675
71749790084
71749441897
71747510310
71748326647
71782276295
71779666765
71774168944
71771965567
71771632144
71758932473
71755187689
71767994266
71770160613
71768306888
71772011278
71773222079
71777433897
71777047658
71781494334
71780073968
71784498265
71782412857
71782511712
71794590084
71793932588
71788540810
71787620618
71789307258
71789799918
71795160688
71797897266
71797076236
74422600792
73610577324
72636094868
72179971611
71958691127
71829876580
71820623544
71815241395
71808804451
71799911793
71798149280
71804527615
71802076782
71806467954
71806175031
71807382514
71813905905
71808953608
71810570564
71819539330
71815845742
71815353210
71822378407
71820712561
71828738946
71825221071
71829156204
71834909185
71833646509
71831476425
71832570981
71832286711
71834543095
71899343513
71879995033
71840289345
71835520173
71839449189
71836239994
71839325512
71841629395
71841157711
71840515203
71861579244
71842053873
71849021736
71843176293
71859245602
71855978242
71852583476
71851637273
71855146662
71853984875
71858845203
71857858356
71859129194
71861430829
71870914361
71864690602
71869873597
71869988944
71870027221
71873168836
71871023975
71871245200
71876784503
71875444085
71877314924
71879631293
71892843508
71885994591
71885647285
71881903750
71884792521
71888142023
71887731642
71888441847
71888350773
71896422646
71892863470
71899155591
71896853639
71897435357
71900411091
71899622204
71945243213
71943339028
71918515308
71916899700
71912946961
71908075120
71900475359
71905590549
71904055325
71901247706
71902785350
71902591374
71904607174
71907157307
71906826138
71907397450
71907429183
71911988560
71908278080
71908124896
71914123969
71913090209
71916546318
71917866844
71917534713
71938337677
71930074683
71929216818
71925529562
71923579930
71928969700
71928476419
71925599816
71935065380
71934530534
71933385954
71934953161
71936902135
71935743062
71935873334
71936607306
71937309819
71939309694
71938730143
71943924248
71956661059
71951775233
71950579363
71948029729
71951629200
71953842194
71954799503
71954397322
72067815973
72056954512
72000434720
71970905069
71968929442
71967076721
71962984861
71959877084
71959807233
71960659484
71965803442
71965469808
71968967487
71970101520
71969035624
71976298492
71974262171
71976119758
71988686266
71978781246
71976979804
71986817578
71979631296
71979304127
71983671125
71979963750
71982397233
71983316064
71984631742
71986918725
71991027852
71993471404
71993348543
71993228558
71999937108
71996841235
71998165847
72000228934
72006446224
72004648503
72004620710
72001328763
72007669118
72006768313
72007598917
72010438100
72009673311
72025845310
72022096535
72020476973
72019082793
72017850377
72017292752
72010612937
72018369617
72020154410
72019580138
72019412702
72020033005
72023312400
72022219948
72025405049
72025214935
72030767906
72027953988
72027757157
72029255667
72029251427
72048300490
72035527967
72035029754
72034777379
72033501814
72038312877
72041290206
72039008856
72040364749
72046153864
72041451221
72050444567
72050379228
72055143121
72054201281
72054346714
72067455471
72062049774
72057124686
72057012241
72057830652
72057746245
72059040283
72066508040
72065976701
72065720460
72066806861
72151893095
72080649023
72077037912
72069765241
72068321965
72069626025
72074051922
72075325912
72076121386
72079598629
72077290795
72078294186
72090156154
72086014621
72083200985
72085564572
72086103914
72088394901
72130240194
72124672507
72093623018
72090981753
72091532346
72117070226
72100303890
72096566556
72095453528
72098113702
72105932321
72103506812
72103173659
72101268169
72102093986
72105237328
72103605208
72106076983
72112334670
72110928429
72114487545
72116436113
72120053661
72128630810
72125471875
72125622582
72127764026
72129061582
72129248377
72145630849
72134784090
72133406515
72134647444
72135623297
72135491041
72138858432
72138747833
72136750501
72138841753
72139530606
72141961393
72142630870
72150615778
72149575672
72162440279
72158364440
72154380741
72153612728
72154586397
72157681493
72155112345
72154628765
72155863241
72155339480
72158731333
72166715891
72166297685
72165780564
72165484501
72165673338
72166329425
72169679622
72166811657
72166778827
72168735419
72178790106
72178085424
72171591668
72174018986
72175323408
72481187449
72400528950
72285814970
72256485454
72256271101
72248128874
72234492880
72188592928
72180054081
72184009888
72183648361
72184640774
72184347996
72187095621
72186419374
72221883266
72218422367
72201099404
72192046268
72190141522
72197927440
72193906964
72194648139
72197310633
72196219857
72199513255
72218382861
72217323297
72204368902
72204299900
72215703241
72208917281
72215092464
72216154482
72215948651
72216128851
72220058165
72220412566
72220244024
72221656713
72226091005
72227073106
72230844385
72227239944
72232430643
72231665644
72237921489
72237912619
72235442490
72245706614
72239791014
72242873069
72251826516
72249525331
72250056592
72252235769
72253218897
72277859101
72269092703
72258887275
72258785404
72259353335
72263848472
72261884797
72262166837
72276129834
72273684871
72275931324
72277276666
72277070523
72285625660
72282440319
72279107390
72278325731
72279417517
72281477397
72283216632
72282585657
72283652019
72356326391
72341466628
72312812587
72294438027
72288650253
72287243739
72291305791
72293274438
72291586690
72294374906
72311362528
72306766358
72305426832
72304174820
72303040478
72299131263
72296753571
72298239298
72300881190
72303820746
72303435833
72304979605
72306442853
72309731850
72308990292
72310775687
72310856004
72323059210
72320214370
72317067382
72315772695
72315826331
72319385389
72318822343
72319301416
72322932126
72337455074
72336787893
72332901849
72331111539
72327255862
72334778152
72335651743
72334884641
72336809568
72346013181
72345376164
72344809696
72350189174
72349689910
72346808645
72347068120
72355668278
72396008585
72365768904
72364819173
72359788584
72357992442
72357397397
72359164490
72363916453
72362961552
72367540964
72372363389
72368950249
72369714338
72371479349
72370396247
72395523737
72388614362
72375826786
72373150148
72373036816
72385671357
72380429305
72376737571
72381570731
72389491742
72393629656
72389802298
72391450165
72398209751
72396725868
72400324534
72404571392
72404018648
72401942344
72401385961
72404344318
72452311318
72429898255
72410477959
72407862406
72406192058
72405862865
72406804606
72412158516
72413051776
72424977449
72422633780
72422090348
72415729609
72413186598
72413316312
72421952444
72418254013
72419496486
72420732879
72423713689
72422725081
72429028300
72426608775
72425226461
72425959668
72425913181
72428220936
72444572636
72431369789
72430388308
72435299242
72431604483
72434296195
72432595857
72432216795
72434466149
72441895282
72440829055
72442622254
72443493020
72449517074
72448768684
72448476141
72449191674
72449346555
72451123194
72453783799
72453677377
72453650531
72468888624
72455907453
72464099112
72458868698
72458253882
72457378144
72463782791
72468613884
72470415151
72473986433
72473231853
72476869659
72479453318
72502264459
72486580852
72486047390
72483908293
72483832556
72484621234
72494745791
72488104271
72486832809
72490541728
72489049518
72491913460
72491207085
72493345576
72493544714
72499091970
72497452238
72495900059
72496888185
72496476568
72501214133
72499132045
72502195319
72578333108
72548547776
72525282863
72514615690
72509519394
72508892299
72506670861
72502552494
72511253351
72509952767
72513689694
72516432947
72514638360
72520240376
72523511053
72540205178
72537731587
72536227983
72527284865
72526803873
72533204429
72531056731
72529037372
72527609572
72528569373
72529480382
72534277502
72533674343
72534099948
72535665171
72544384035
72541635396
72542706197
72546115402
72577391694
72553309178
72548833283
72549516844
72548842800
72551249037
72550418679
72552962532
72577236747
72553761352
72571036694
72559321416
72558611108
72556074130
72554591619
72557862796
72558446633
72558353927
72562750756
72560493124
72559473673
72562421202
72562922606
72568464182
72564262117
72566080477
72565190978
72565951510
72569433612
72568677247
72569677455
72574657184
72573499938
72573671552
72577289151
72619394976
72617008872
72614483015
72593161602
72578612975
72578434502
72578687520
72585955116
72611894427
72598887397
72593648795
72594721904
72593988282
72605073033
72604638863
72604936406
72606287686
72605500229
72607641092
72609057512
72612568145
72617371919
72619210811
72617607827
72634149339
72630209738
72624027589
72620997288
72620139761
72628466452
72626709442
72624907571
72624134746
72624899702
72625598473
72626107328
72628355639
72629806088
72631568108
72631466034
72631221871
72630695162
72630875616
72633206902
72633927620
72634548929
72636077315
73093697978
72696796163
72693733073
72674713165
72662040553
72656071411
72649987456
72645038556
72640853376
72636247902
72642873269
72648109013
72648610770
72649855917
72651574798
72654682700
72653318456
72656751126
72656615160
72660478715
72658319223
72661672463
72663438623
72663391207
72662703039
72668689652
72674473572
72669673668
72673770837
72690142528
72686013487
72675154763
72681082976
72688552695
72686513094
72691214134
72696549013
72694177919
72693922461
72695165690
72939953145
72742114775
72703075869
72699415328
72698025555
72697485927
72697240356
72699381543
72699369644
72698622066
72706192404
72705713328
72736789657
72735977419
72710940056
72708381909
72709133366
72708825205
72729609440
72726730392
72720358905
72718531590
72715731096
72720068223
72724691210
72723498699
72721832489
72724708642
72728855174
72731525090
72730745135
72734280061
72731981691
72733444885
72734944122
72736194021
72741953210
72737462707
72738280568
72738985489
72739187012
72741654211
72739870201
72816144818
72752938956
72749784963
72745941903
72743289863
72750368045
72750750825
72750889407
72750968684
72765058866
72763779526
72755076835
72758041955
72760739611
72758563270
72758590584
72761204054
72788718878
72785598590
72776039120
72774482835
72766906374
72768460771
72767652904
72771720668
72768639339
72775672605
72779024448
72778747942
72785226253
72779662722
72782976059
72779758646
72785258164
72787689168
72806406385
72800496986
72789781070
72792935592
72791440117
72799016885
72797520691
72796830416
72804744455
72800673105
72804868936
72806653853
72812227170
72808283922
72808275441
72808834239
72814220285
72831430172
72821652785
72816767566
72820337204
72817658009
72817786406
72820117956
72828289341
72825532132
72827980232
72827184255
72830042227
72830797956
72882646918
72842051413
72832244786
72837340294
72840958812
72838714294
72846467272
72845861991
72862791795
72852450536
72849959571
72848871940
72855306184
72854971323
72861486548
72856787637
72862303594
72869413385
72864626653
72864765384
72874532095
72873425140
72874440701
72882300393
72875099367
72874753645
72878897652
72880454456
72908212913
72892354070
72888360559
72888319878
72887090129
72884369158
72890529489
72888625056
72890248152
72889900181
72905837777
72903780932
72897786981
72896275346
72894065726
72893895236
72899807196
72900427279
72902637624
72904396335
72906682612
72906095101
72906806337
72920173904
72915856443
72913927220
72909148451
72908806857
72924906225
72923615522
72920754425
72925281349
72925164806
72931032728
72930216631
72927212349
72926055874
72929713858
72930836439
72939926182
72934970702
72934099115
72931574489
72931086586
72938691954
72937332911
72939789771
73071437602
72943204877
72940711067
72940897907
73067610760
73052786978
73052751817
73022698301
72967227814
72965606148
72959579993
72958453232
72948678353
72946418766
72944985187
72948130073
72947585914
72946531835
72958401174
72952526503
72948785494
72951537100
72950415116
72956076602
72953803642
72962876037
72962557055
72960985912
72960883775
72964628479
72964652304
73011103163
72980235739
72971123602
72967701535
72975006850
72978374632
72975816438
72989128398
72985635268
72982821270
72982294945
72981848963
72986917324
72986793525
72986237027
72986689229
73002258294
72991783822
72989148603
72989356673
72999250286
72992175696
72999197043
72999797846
73007799877
73007519541
73014551348
73013044812
73012509069
73015000960
73019868781
73021101764
73045299641
73028961576
73023772834
73022964155
73027569964
73043491573
73033104902
73031822701
73030425640
73029801063
73030897960
73033484190
73041046773
73035262495
73034333237
73034895907
73040666373
73035661051
73042277557
73045143835
73049417642
73049897629
73051552970
73052045900
73060845033
73059207629
73058704087
73054854419
73064464718
73066073865
73065074292
73065173155
73067565689
73071248633
73068013639
73068074995
73086259586
73080921970
73079016830
73075546781
73075481163
73075017360
73074954183
73078972583
73076936258
73076722339
73076365711
73077903414
73080794308
73084904021
73084348831
73083348501
73083033910
73084798438
73085260791
73085176075
73088117431
73089217025
73091375267
73091619334
73349900856
73165128268
73098885431
73094402710
73096625399
73095542360
73097461289
73134782436
73130147456
73128001121
73125636240
73122610468
73101828336
73100103511
73117379073
73110571921
73107568582
73103905705
73102844916
73105993810
73108524075
73108501443
73113429875
73111805132
73113085484
73112866503
73117256435
73116629129
73114169502
73121155658
73120915715
73118378770
73122922796
73124885152
73124492285
73124663784
73127404425
73131010397
73130188276
73133618643
73159044618
73140417714
73136875278
73136060938
73139415118
73139172686
73144554406
73144429743
73142578045
73140694244
73155720828
73147291015
73144973585
73147185939
73154520492
73151670647
73148732830
73155649005
73163400613
73159114685
73225434008
73180432897
73178913152
73173410176
73169801351
73166360212
73171221282
73172787712
73172233711
73173529862
73178180216
73174947427
73174846848
73173621735
73176223578
73177806435
73179195003
73178977812
73179036281
73179970248
73211578512
73198508840
73185453759
73182777071
73180606415
73184695544
73183811132
73196323358
73192323371
73189244046
73186602237
73189595119
73190215004
73194185957
73195507907
73203152747
73208803330
73210897398
73212770362
73219799976
73217151733
73215470044
73215858365
73219311467
73218655593
73220827717
73220324713
73222159987
73221627012
73222581333
73313266503
73271013031
73256093169
73254237509
73239726177
73231838127
73228121527
73225984505
73227602319
73233536109
73236100575
73246080710
73243005552
73241008736
73244529729
73243257287
73251990960
73256546852
73264487397
73263508477
73257082372
73260965868
73288476941
73282984432
73271074387
73274893344
73280338192
73284497270
73287687780
73286638317
73285870212
73285879726
73288036836
73305538522
73291158805
73296553167
73295353641
73295100623
73302724057
73299262883
73297453520
73300226183
73311079614
73308805927
73306087619
73308160743
73311359876
73312374386
73311668192
73311558027
73314148041
73314091653
73313464888
73316717298
73314839696
73314624623
73340390644
73340306342
73336436954
73322966556
73321655599
73320697968
73317116967
73316828441
73318835997
73320555777
73322745814
73323341334
73324300000
73326440570
73325312486
73333705035
73332695363
73328532735
73326626128
73330250670
73335660116
73335374790
73338786697
73348278516
73347585252
73347519191
73346795617
73342440741
73345259714
73343118627
73346516612
73347155544
73347276810
73347972365
73590372331
73555223956
73517906106
73403015347
73399177284
73384747022
73375530022
73355412985
73372665690
73364749033
73359277954
73355554556
73359071541
73361451425
73360696917
73361262265
73371154193
73364961094
73371814454
73382752254
73376320041
73376011667
73377796759
73380435165
73382624650
73383419753
73392236964
73386314593
73389765521
73387445329
73389275623
73389453327
73390587722
73390146640
73389860458
73391382721
73392034381
73395023068
73393398569
73393286359
73393745299
73396287479
73396150265
73397364967
73509708504
73459306768
73458033114
73434205815
73407695178
73407666777
73407181941
73405687463
73422312616
73407895879
73409950594
73416218729
73411203541
73412455998
73416645144
73432699619
73431933833
73430556927
73426467227
73432494520
73431970890
73433649708
73450478926
73435716621
73439075008
73436512258
73448826722
73448496122
73445017026
73440929148
73440458311
73442315939
73452946475
73457962984
73454940269
73458415501
73459008790
73463555351
73460693362
73461593760
73502722775
73475262426
73465387405
73464905201
73463825644
73467148973
73465689892
73470956409
73486937442
73485320164
73481242028
73476018993
73475610307
73486838740
73489406644
73489006382
73502668891
73490922664
73498988762
73493647946
73492939975
73492992393
73496904796
73498489596
73500844839
73509138688
73504415157
73504467375
73517080924
73512144484
73511012714
73510645382
73510313647
73509731591
73511731483
73514337115
73514217852
73534508256
73528123935
73527502484
73518098097
73526182213
73523625915
73520928520
73523746552
73530877263
73528481648
73533801311
73541481032
73536002981
73535084226
73535770621
73537575719
73551096031
73541737233
73549471137
73543128670
73542199317
73542593512
73544930767
73543919891
73549279206
73548854799
73553379459
73586110432
73566504204
73557130931
73560137377
73558967045
73564191955
73565206291
73566474273
73582947454
73566728353
73566517517
73573170027
73572432587
73569446165
73569080130
73570183130
73576175205
73582933480
73582176709
73581802099
73576772318
73585162509
73587963225
73587872801
73588669578
73590277355
73609781945
73596713669
73593744809
73595957066
73593819121
73596456337
73603643827
73601357392
73598136618
73596731007
73609393602
73604740255
73606476926
73893761006
73719113351
73709720009
73639236087
73623017034
73610645755
73613755276
73619688582
73623352764
73632337781
73629201353
73627800407
73624595828
73627537807
73632141361
73631841665
73638428997
73635103719
73635078329
73633653121
73695715653
73658582896
73655499955
73645682998
73640106064
73645665634
73641351348
73640591549
73641080924
73640785706
73640923200
73643069608
73641599628
73653135535
73649164684
73648088787
73645929318
73648839448
73650947518
73653903829
73653996721
73655099768
73694200241
73669626536
73667428458
73661777532
73659299145
73661628883
73661207363
73661131190
73663967191
73663784468
73664463235
73684520206
73677885393
73677290557
73670969301
73673934013
73672474825
73676218069
73676733337
73681475068
73683499794
73685695516
73687707097
73688200858
73689779723
73695658361
73696218978
73697165453
73707887927
73706947465
73700293751
73704542590
73707718901
73707280533
73712046048
73710645956
73711280811
73715193004
73712612346
73716680840
73718350648
73814464579
73751376804
73727421826
73726591950
73722638955
73720700356
73725734331
73726691857
73732028033
73728201525
73731577678
73732871171
73740034107
73738142626
73733802757
73733053278
73736287740
73746768554
73742197663
73742010558
73741881423
73743668434
73743542693
73745329011
73744031737
73745488037
73749681707
73748031758
73751363839
73786686384
73765510544
73762267653
73760661855
73758954843
73754701524
73757726346
73759333214
73759939234
73762086390
73784210716
73774022616
73771139665
73766704313
73772068145
73774365899
73781442015
73775576743
73774924847
73775005837
73775454212
73778739501
73777166600
73779566587
73782718690
73781900770
73799793547
73799387725
73797502342
73794621006
73792871581
73792816830
73789741705
73787778322
73788397758
73791323523
73795354523
73794815437
73795969802
73802318752
73801576768
73800801522
73802040780
73801965625
73808708611
73803172423
73804501838
73814108847
73809621389
73811356378
73877181294
73830295348
73825772454
73817202274
73816725584
73814939886
73814766267
73821459647
73817306781
73818277855
73824188861
73825270354
73829055792
73828256224
73829721003
73841060403
73833903652
73833229797
73837450918
73836789243
73834537152
73834299357
73834874655
73837355627
73838536898
73838227065
73858008587
73851342595
73842797632
73842037039
73844161560
73843418386
73843023074
73848062561
73844847660
73844402347
73847543251
73851277158
73848382556
73848783424
73849805454
73851349116
73857302425
73868885804
73863769947
73859025183
73859382366
73861932038
73861868948
73866365126
73865120826
73864270620
73863776766
73865201440
73867708120
73866805920
73869405479
73876567768
73872076429
73872026934
73883223787
73881767260
73879217800
73878343459
73886721668
73883635287
73892936987
73891828251
74397015359
74033894959
73940581349
73902665117
73898372920
73894760722
73898164883
73900705179
73903311619
73914630863
73905074947
73904776325
73914309845
73907214159
73906955174
73907059267
73912470929
73910076207
73940020538
73930092794
73919949230
73929922512
73928003786
73922262165
73921179430
73925987304
73926125992
73928746834
73930025609
73937859959
73937842782
73935574076
73933907265
73931737484
73934215977
73939270718
73939180351
73939345066
73970250016
73957995988
73942331034
73941508714
73950204718
73947562091
73947517765
73945862669
73943702445
73946031898
73951676900
73950835513
73954713076
73957778651
73957770720
73968799945
73968728072
73964543259
73961969706
73959015175
73962639629
73965479838
73969675550
73986169379
73976754304
73976473697
73973629038
73972918256
73976508540
73979782165
73977129311
73985641478
73985894643
74026464663
74007967771
73996908043
73993272814
73992016154
73997203276
74006947240
74021506210
74015483008
74009869516
74011827853
74021434758
74020112953
74021473435
74022758447
74024167149
74022826856
74033779622
74027354103
74032367647
74027473419
74033064868
74055884889
74047880149
74046966771
74044442260
74042681836
74040326476
74037757845
74040316362
74038199743
74039950863
74044299229
74045914772
74046945766
74046984903
74047288832
74047007986
74047358751
74055741657
74108150226
74058449339
74056363820
74057658283
74056808612
74107126277
74061446574
74060365260
74087910357
74074533456
74062352241
74072884550
74072244131
74065125508
74067917962
74070319875
74069390005
74073574407
74082942237
74077568416
74077410818
74076879312
74075381187
74076898016
74081086440
74079301955
74077607275
74083076426
74086532131
74095616965
74090492757
74089521736
74091556318
74090874604
74092761551
74097607049
74096708520
74100388235
74098945355
74102005641
74100707453
74106497930
74103281970
74107760246
74340026386
74315542395
74166658077
74121972956
74117156991
74116639208
74110170403
74109995501
74113349330
74112275569
74116719501
74117168131
74119888659
74120028353
74120608398
74121027947
74153873473
74134592424
74134102311
74130143433
74122281770
74149896250
74134706748
74134694755
74136590167
74142299894
74138292114
74145419065
74144733896
74143579003
74145427089
74145850069
74148833689
74146779918
74146888413
74151784607
74156732255
74154956468
74154599464
74159120370
74159017140
74156759881
74157600030
74161529989
74162595186
74172257631
74169604218
74168967111
74167567521
74167053911
74169112537
74170788124
74170614749
74171737757
74182741883
74179161114
74174934361
74173275312
74179095816
74178606807
74176348535
74178437058
74179818106
74258139737
74203381484
74194323711
74187915235
74187669594
74186309138
74183581930
74183163277
74194284667
74190836766
74193457751
74195213982
74201086191
74250640345
74220553103
74215811966
74212702968
74203659883
74212038347
74208536845
74211587840
74212159020
74214054685
74215680780
74215201282
74218075312
74220412463
74219944350
74219223912
74219364301
74238536963
74227802309
74227037245
74220934561
74224293940
74227069475
74238326157
74238160560
74235324851
74238362125
74250017124
74241941939
74243355793
74246718538
74250912396
74256770383
74255124144
74252793281
74253401848
74257673742
74283549301
74274720099
74272223573
74266184108
74260504084
74260188478
74259243633
74263841729
74260855361
74263015022
74262021043
74264685664
74266727193
74266280150
74266418442
74269493142
74267208319
74272063276
74275661224
74278839809
74276444619
74278463361
74281854212
74280064192
74279619294
74281935319
74310748644
74300105287
74299240775
74295749000
74292421664
74290709300
74290684543
74287488658
74284645126
74295120325
74293752872
74299068973
74298454173
74298626723
74299291029
74309716107
74308132615
74307634473
74301932039
74304025292
74307953575
74314561703
74314150984
74311912025
74312995377
74318073462
74316041462
74320241390
74319487668
74319874615
74332595214
74327268282
74325509859
74323058330
74325168320
74325628995
74327178007
74332480596
74334205549
74333504678
74339739980
74339046363
74372474582
74344019002
74341173375
74341090084
74340567063
74340101385
74343143356
74342533607
74342814681
74343497351
74348174788
74346038804
74345197996
74346782860
74361347703
74360201792
74348535368
74356095481
74349084270
74361112978
74364510550
74361648090
74363515907
74372303679
74367337468
74366357749
74365172992
74370542694
74368680679
74368331164
74368754914
74372267308
74370790746
74373658051
74372714552
74393740910
74391200828
74378612881
74374444813
74378395845
74375662484
74385752563
74380111317
74379718738
74388512881
74386767380
74392726256
74396871519
74414009503
74398827995
74398024367
74402851170
74399157764
74400048511
74402220868
74401660361
74410365569
74406949968
74409074563
74410585239
74410812843
74413866705
74413026722
74410865412
74420527587
74416733029
74414700661
74881836362
74747597836
74567468518
74556150557
74428376382
74424015814
74423719846
74427538618
74426237419
74446155600
74436566259
74431007386
74429740473
74429627175
74438288109
74437317709
74440392009
74440360752
74440235868
74443382154
74440500201
74462294470
74446644339
74449959689
74446952065
74455818056
74455286091
74454474009
74452104698
74450530764
74453375961
74456856396
74456320077
74461067074
74459331066
74456889443
74490792693
74462920362
74462726925
74462618953
74466043267
74463971560
74478048524
74466764328
74466493752
74476490308
74467364341
74475734754
74467881215
74473385023
74477009240
74476898276
74477741141
74477200020
74483061679
74478271443
74481613802
74482896381
74485901714
74485692200
74489588674
74487824903
74550691570
74511149033
74497263709
74494632766
74493910011
74496235936
74496157741
74496689750
74507235714
74501331947
74500589220
74500226065
74501333939
74507177540
74501706335
74507676312
74509037351
74509429463
74546026478
74513213779
74512345740
74511399168
74542106233
74528657667
74516370664
74515689994
74515373784
74515717358
74522090609
74516836643
74519210979
74519486700
74525359915
74524427497
74524254693
74523633905
74523779528
74541155634
74532726779
74529664279
74529391777
74528800216
74530940342
74534882022
74544307041
74549879042
74546667720
74550911880
74552054184
74555301333
74556329034
74562940238
74557577184
74557642458
74558916983
74558223541
74560795911
74559687045
74560944150
74566070265
74564354966
74564304052
74564133001
74565019175
74649102489
74612104979
74586298001
74568564756
74582636897
74571599371
74570517859
74571082643
74582143597
74573432395
74577955732
74578083373
74582542620
74584973677
74589989375
74589393934
74586601693
74589896441
74600255588
74591470648
74591224256
74590084721
74598533275
74592878153
74591623628
74593548890
74595767818
74594154893
74600144301
74599217370
74600831596
74600806969
74610864976
74616281355
74614720288
74614533263
74615541054
74619026011
74616484346
74618365455
74617889998
74617685433
74618508181
74641695124
74638626575
74638093582
74636838663
74628826905
74628132392
74623213651
74619589829
74620779826
74627312012
74628821677
74636438248
74637765585
74637050625
74636956617
74637315925
74637802587
74648771274
74646819597
74643775343
74643052092
74694760815
74680163519
74677020210
74660727694
74654100254
74650852450
74650401913
74650430769
74653631438
74651798481
74655663416
74659674512
74670192372
74667895603
74666584239
74664054170
74662225606
74661163947
74662725072
74665198353
74664080916
74665716982
74666524629
74667903306
74668760525
74667967825
74669735676
74676448528
74675991703
74672289406
74673738125
74679195216
74683840924
74681813812
74683174146
74683609137
74691024186
74690759557
74688641184
74686081873
74688445230
74687533971
74690306369
74691461213
74691398638
74691359545
74693268251
74691907292
74692630278
74694393613
74704899378
74701648481
74696846440
74694992431
74701329321
74698841504
74698222892
74700243666
74701768119
74704526111
74725112590
74724574899
74716224052
74712351822
74709727068
74711390910
74711411010
74714312869
74713591907
74713578145
74712473687
74715241519
74715323226
74716850693
74720787056
74718510172
74721226891
74722524459
74724872043
74729419679
74725420124
74725222228
74727328748
74744657712
74734720978
74734496154
74744547733
74736786307
74737242040
74757423407
74751118597
74750878754
74749884913
74747741159
74750560379
74750041047
74753509100
74753074213
74751304349
74753589823
74754061746
74754914800
74755315935
74779411053
74760802412
74760022875
74759811083
74758502748
74764693753
74761680333
74761965964
74761978788
74764132788
74775276005
74768547684
74767918016
74765382732
74772350610
74773205015
74778907253
74877832066
74877139617
74802441857
74793618375
74780934186
74779740848
74783586385
74781917254
74787840634
74784701190
74783738514
74783595076
74787057110
74800548940
74799577435
74797073118
74793861108
74802403446
74800630394
74801734393
74872368049
74870677389
74870298236
74834546497
74809314957
74808119705
74803723678
74802828668
74808092996
74833261689
74818691409
74809865290
74818095503
74824475266
74821252214
74818774183
74826936393
74832872403
74845913294
74836293391
74843921467
74844795004
74869725616
74869167774
74867575335
74860410745
74867328972
74871592981
74871366966
74870763264
74871827875
74872283451
74874161101
74873837188
74874690931
74878397704
74879547016
74930442960
74897403113
74895988961
74892225294
74890259863
74887871260
74885676596
74893910313
74893503433
74894411621
74895410081
74896961276
74896189618
74896358760
74902065933
74900851892
74899716151
74905107749
74902299738
74904253091
74903661103
74919714759
74913569770
74908837752
74913549786
74929219894
74926847168
74919958610
74924590618
74925218218
74941145722
74935030877
74931543006
74932727018
74936171694
74937049772
74941980517
75290650842
75209074296
75046199606
75014198934
74944029744
74943613106
74943586170
74997050200
74949535180
74946796156
74944643728
74946429461
74947480579
74949441512
74948771236
74948804939
74949444766
74953458517
74951169762
74949892157
74951441558
74978212347
74969891424
74966204915
74956593308
74954621545
74957890543
74962199678
74962836691
74966321145
74970792592
74971196368
74982484318
74994470538
74994328019
74994144849
74984751755
74983816617
74985524489
74990327618
74987098767
74991399170
75012172341
75004334454
75002842530
75003221181
75006281616
75023929689
75017850738
75017810488
75015886493
75015847301
75014295098
75016279283
75018718265
75023750286
75023101244
75024501603
75024487561
75036917984
75035012762
75033541861
75024781877
75027848914
75024926033
75028710706
75034906965
75037638036
75041285850
75039108468
75044384821
75042848783
75050035112
75046666455
75048180418
75105526783
75099289159
75079196190
75076662588
75066891486
75059786683
75058325461
75051817409
75058309318
75057899092
75056661225
75060975900
75060033256
75063248766
75064429447
75069679173
75067697854
75067360479
75070757295
75072401654
75074386247
75075983658
75076114521
75076733165
75078308729
75078065119
75077838577
75087964329
75083471775
75086968867
75086219899
75086550646
75090108334
75089568607
75096262447
75094087804
75090465184
75093685572
75091590709
75099092167
75098707201
75097002292
75099824549
75102142133
75104600039
75104667903
75181300945
75150846810
75145501241
75114082677
75107142421
75109197913
75109455701
75113895844
75111906157
75118969136
75118899497
75117364986
75117151722
75117816904
75117817060
75117892908
75122801806
75120151835
75134258320
75130274196
75130078543
75129442022
75125754315
75123888482
75133981350
75142145478
75140399908
75136032917
75137529788
75139946923
75141401771
75149078282
75146956363
75150591335
75159515114
75159389929
75153828346
75153660724
75167172465
75166890762
75163952862
75159769103
75161247307
75163732066
75166859490
75164006799
75174659648
75171886175
75171327700
75168397113
75171470115
75173986381
75172307781
75174587097
75179578185
75177273127
75180408610
75206569697
75186075318
75184850187
75204604889
75198205678
75188765942
75187985794
75193760049
75195240622
75203426134
75198880280
75200518895
75206220029
75205162940
75204886693
75207251846
75207851397
75208825181
75217992918
75216906746
75210110117
75211886701
75217019459
75217781439
75217232047
75244778933
75232426460
75230353043
75220329543
75218288142
75218850127
75218964433
75227548436
75222040168
75244053955
75237215604
75233749290
75233082885
75232765261
75235915499
75233868696
75242621887
75239149959
75243576368
75243453827
75244457306
75286409229
75266146924
75258993902
75253944254
75247862158
75251495386
75249157818
75248372142
75258561403
75257427128
75260922001
75260654951
75259561578
75260921806
75261281176
75270226513
75268219342
75274750848
75273363601
75273268857
75274560977
75275776799
75279923672
75284614665
75280160866
75285175321
75287983473
75286419888
75394415776
75373044419
75335209322
75312372216
75309635950
75296136559
75296131936
75290733239
75293622610
75293053640
75292108551
75292470295
75303572392
75300216049
75298759703
75305140229
75307343540
75311244968
75311112703
75310810029
75311664933
75330644385
75316364251
75323639525
75322582741
75320559083
75318093038
75317315780
75317120604
75320159397
75321273173
75321516525
75325545786
75327645899
75326300067
75333613516
75334819664
75357563610
75344270916
75343081706
75335796202
75340472623
75336606141
75336375261
75342388170
75341810586
75342599894
75343297367
75345116732
75344318014
75351343370
75345382777
75355092015
75355389435
75372185777
75365770381
75358721078
75363263637
75367435670
75366318996
75367948553
75370937040
75389823889
75387036628
75378296907
75374652254
75374011602
75378171480
75375856931
75386475783
75379760186
75378348051
75385479729
75384973015
75384980817
75385489473
75387515916
75391640807
75741006726
75634903159
75498060999
75482634457
75475352278
75474873976
75433199488
75410050741
75404540042
75403245977
75395237014
75401136875
75396631661
75396962922
75402985074
75403116078
75403332558
75405765862
75413970223
75410831388
75424417466
75415998225
75416200867
75429065134
75424564984
75426582240
75425374229
75426608751
75428088768
75429084598
75429158654
75431297172
75440905505
75435223280
75434747884
75433463057
75433247383
75437304472
75438629348
75439050082
75440687290
75447374532
75444888156
75441261534
75443277316
75442010712
75443122774
75447222118
75446571170
75451382419
75448761534
75471715988
75459778168
75452821826
75451871225
75451602964
75456741112
75453419997
75456136438
75459276972
75458174708
75463480300
75462252669
75461804675
75462514831
75466100406
75465798109
75467519525
75468771320
75478516689
75478341391
75480363979
75482307811
75481973043
75483280717
75495169185
75485485364
75489973752
75486330229
75485970114
75494843360
75494614452
75498001676
75497388862
75495940958
75497463177
75526862813
75509512491
75504186260
75501944232
75499954871
75498297634
75500861903
75500385852
75502887352
75502640422
75502349084
75507387344
75508957070
75518759939
75517945096
75513293157
75512193800
75514073047
75513696259
75517103240
75517306975
75522481868
75519307835
75522082518
75524187920
75537547550
75533228942
75531557439
75529309270
75528553028
75526897683
75532429389
75535380487
75536759775
75591480752
75545682936
75545278509
75538584230
75539900740
75543029897
75551586680
75549883288
75549178259
75549430961
75550795538
75572700220
75555016306
75553232843
75553142533
75553966512
75569033811
75560691338
75560302094
75557436145
75565393127
75562664374
75561314287
75571010387
75584301777
75579681921
75574050426
75573244810
75579545130
75574865321
75578730520
75576041715
75579798205
75583713352
75588495469
75587236740
75585413358
75588110043
75587493642
75589104213
75590499164
75590035176
75616003562
75606372712
75602326711
75596646724
75594599461
75592265246
75593026376
75600977987
75599042290
75602387458
75604110736
75602414595
75610357297
75607878919
75606682225
75606448308
75608444834
75609407988
75615282290
75613156805
75611695541
75615567681
75619512888
75617302347
75632234461
75631484557
75619716644
75621647104
75620327207
75620055390
75623885577
75623027766
75621949798
75622819263
75625968518
75631168323
75627148392
75629642906
75631329666
75632145189
75633669345
75633310809
75634533359
75722907408
75717138022
75663187906
75660824475
75656501691
75638859879
75635937070
75637375079
75636309262
75637876139
75637569483
75638231344
75654268561
75647470461
75643646734
75643570564
75640311608
75639709574
75645016544
75647403138
75646417036
75645110237
75649496478
75653498952
75655323758
75663065454
75685418514
75667477031
75663999205
75665982360
75667471644
75675623097
75671936952
75669414232
75669053799
75671908950
75670480551
75669696347
75670818899
75670568106
75673979836
75683623396
75676971522
75677351469
75678851427
75708832718
75707050012
75703998237
75693238121
75688170793
75692701586
75688726215
75703168760
75701814524
75699252789
75697007192
75696492577
75695453365
75697629174
75699734376
75699598373
75700980455
75706157871
75704880083
75706298156
75706368346
75707105545
75715773610
75712485883
75710316266
75709194892
75714487423
75714157522
75714040449
75713624652
75716771833
75721058718
75719044855
75718078893
75720200998
75722114081
75722004002
75728765635
75724404662
75724396867
75723309620
75724454196
75728173900
75735372994
75730010001
75729935217
75729688459
75732064112
75732006222
75734137142
75740325595
75735826845
75739677461
75739309866
75739687409
75948432508
75940710532
75783645930
75741968645
75746167369
75745973824
75745283588
75743640187
75742057106
75744552192
75743741901
75745022508
75745091603
75745295434
75765155450
75763147582
75762133861
75747311023
75746414019
75753424061
75750580119
75749574574
75752436575
75753721190
75754871430
75754056268
75761069300
75757102270
75761867163
75761626926
75771768607
75767942803
75765501691
75771467636
75768650060
75769020479
75771697051
75782556800
75772246246
75782290753
75776879169
75773038980
75775381537
75781590260
75777130518
75783265206
75885150505
75783670967
75865124385
75811905322
75803659677
75803253439
75788173672
75787488226
75791339906
75789682800
75789253423
75799972907
75795108074
75794595639
75795588421
75799105402
75800562478
75800923354
75803622076
75804446577
75803678990
75804443478
75803694279
75809667059
75811839598
75827853561
75819926818
75814493394
75814208428
75814627598
75818349624
75821764440
75821141294
75823520974
75824720473
75824264313
75824445449
75827616911
75826963821
75848544622
75844420516
75840708523
75840395034
75836835020
75833842010
75838242267
75847747037
75844962158
75847846075
75852722143
75851415660
75852229504
75861419329
75857468152
75864050715
75869253176
75865908338
75872294658
75871693478
75872530870
75882324965
75882081064
75878088731
75873995398
75873448184
75874418524
75874470570
75877379126
75880235602
75880398579
75880392638
75880580253
75884368226
75882627035
75934434616
75909754269
75892213846
75888303606
75885820067
75885354708
75889768266
75889820733
75903941807
75897702962
75897057340
75892779960
75898509083
75898712426
75899165998
75901728455
75902493261
75905874973
75908870144
75918549702
75912217514
75909896044
75914508542
75917274283
75927539840
75919700071
75923033540
75921967739
75924392059
75933725508
75933297274
75927806127
75931023973
75931337651
75933462835
75933896167
75933984959
75934833052
75937690693
75936368198
75939709646
75944466087
75944465966
75941150546
75940934986
75944625648
75947979906
75970392529
75969144472
75954393273
75957772200
75965192214
75958790133
75962576658
75969842696
76548864560
76399503053
76127442938
76102585951
75997830794
75980862278
75972909091
75972131476
75980853965
75980588502
75977020706
75975970288
75976238444
75979159817
75986615779
75982545984
75984889505
75983364662
75983874332
75986509689
75994040751
75986696983
75995428876
75994559180
75996691160
76022873409
76014993800
76009629831
76007768743
76003409649
76003099614
76003388231
76005022736
76003915120
76005594381
76009304176
76009509573
76010313763
76010813792
76010642911
76011514235
76011426824
76011047580
76012397756
76012174770
76015278524
76015004003
76017050223
76015547419
76015400319
76015580913
76016922756
76017012421
76019289645
76017263321
76018261976
76022340723
76041685828
76035678119
76027994362
76027721027
76033491877
76028500589
76029709562
76031281615
76031426034
76034611969
76040734658
76037623212
76039318280
76040300090
76070466906
76046887575
76042084715
76042967723
76042343640
76042315303
76043632666
76043224031
76043902990
76063721543
76063410930
76050540339
76050427835
76048417265
76049956495
76062200600
76053165101
76051651890
76051441113
76060766070
76060296046
76060548054
76061338832
76065724732
76064822503
76068469653
76078735041
76072814125
76078398676
76073346618
76075919713
76075758787
76078155850
76079564096
76079395373
76086044787
76081927485
76083179091
76084534171
76093357252
76089771494
76101318058
76100422911
76096566722
76095961028
76101605209
76101759568
76116715245
76102994944
76116091603
76109633386
76108658754
76108521382
76113979133
76109969093
76115066531
76117775213
76117309558
76121452244
76120843368
76118352354
76117825100
76124370677
76124111283
76123326286
76126276814
76125977331
76359541102
76169421357
76150331665
76142291581
76128219314
76128503876
76138113551
76133800300
76135389188
76135453831
76140042684
76140590463
76144990263
76144197286
76144301138
76146230920
76145776653
76148458195
76152194036
76150580087
76168030762
76158208073
76158160932
76157995179
76157009254
76160174997
76158675306
76163633164
76164199165
76165054128
76341727904
76334696440
76196027848
76169818736
76169547534
76182746358
76178960342
76169965486
76178119498
76177890209
76170053867
76175538704
76171368200
76170366512
76172249523
76178104200
76178936987
76178231981
76185898736
76183740593
76186571405
76192917361
76187124912
76195035097
76261312354
76257603922
76216867220
76207401851
76207232049
76198561609
76198423784
76198167754
76197550485
76199689024
76199083704
76203588436
76199940529
76200458750
76201246363
76201916892
76202062086
76206084228
76210556682
76208755884
76208112085
76211921645
76212741745
76215239441
76255436011
76245019089
76235830914
76220261240
76218888885
76232114890
76221333364
76221019711
76220777391
76229243230
76223797482
76232743687
76233047651
76234255274
76237420781
76236522792
76237402553
76241814539
76237927063
76239562936
76240983872
76247697660
76247328287
76249429022
76249522573
76255112419
76253450514
76253176872
76257284600
76259011231
76258957151
76259174236
76259014824
76259858442
76321237280
76261717220
76306880878
76291980422
76270271316
76267915835
76266988103
76266966659
76265074015
76262019833
76269687655
76269880963
76282933487
76272583907
76272406837
76281516361
76281463727
76278423729
76277388608
76280518260
76291201478
76289613844
76286506371
76283599985
76284028930
76289469937
76289146032
76289478224
76290275345
76293892139
76300720694
76299116958
76294323871
76297284434
76295066930
76294712363
76296833347
76297092078
76298060963
76297518946
76300051122
76299770423
76302128924
76301381925
76304066107
76303559351
76303077043
76305998081
76305923478
76317578825
76316922088
76315231528
76310112508
76313897387
76315847607
76316619991
76317669711
76319074018
76327446942
76321483195
76324029935
76321684140
76321627164
76322447101
76322313477
76324887119
76324674861
76326885003
76331773117
76331458054
76331412514
76328756718
76329468201
76334550849
76341241013
76339031066
76336384822
76336056165
76336748313
76347768499
76347233469
76343449000
76346174488
76358487364
76356738447
76352845264
76352574436
76352277610
76350730880
76353280085
76354047581
76357031316
76357578720
76369013826
76361546139
76361422358
76361525530
76365702017
76362338522
76365067064
76366978286
76389419051
76372261426
76379047787
76374437204
76372915393
76374532269
76374445585
76388076550
76382872431
76381220064
76379766285
76385113569
76387305863
76396962500
76389917662
76390224183
76394497606
76430963571
76410441504
76406678087
76402487900
76402087659
76402896779
76409548551
76408693204
76408198407
76406828600
76410858854
76424278088
76412091256
76412201416
76419642475
76419310851
76419702723
76421264711
76425165433
76424334097
76476022877
76432170042
76430970002
76462852121
76437744729
76437259518
76433000530
76435278248
76433984427
76439092524
76438494490
76438196213
76445778074
76443821334
76442822626
76440061242
76440155429
76443492237
76444389294
76443921365
76445666753
76445310483
76454866867
76448303594
76445819228
76447396465
76446706031
76452744666
76462850736
76459123355
76458131133
76455059318
76462256401
76469687752
76464227228
76463561901
76465728564
76468246049
76466700127
76472671502
76470480459
76475457199
76473825452
76475730777
76512062515
76512007219
76501870153
76486394368
76481893530
76478857170
76476486098
76476177673
76477953457
76480666910
76479903078
76483661243
76482759611
76483321250
76486340573
76486164838
76485429961
76493128501
76491063563
76489737591
76487378823
76487970976
76493333984
76496913745
76506676990
76505143554
76503444414
76502886760
76505086159
76508187583
76515276182
76514599397
76514085842
76515167401
76524066351
76520862186
76520183175
76517032697
76519129432
76527749004
76526060320
76527084380
76526180759
76527265956
76544184576
76539946183
76537769024
76532575495
76529857873
76533718865
76533224712
76537231769
76534902907
76539586904
76541959356
76545542618
77468921096
76860277123
76623000200
76587075963
76568500351
76563841950
76551578259
76553211872
76551997663
76552959238
76560525176
76560171504
76559524341
76557327883
76555914271
76554820631
76557515470
76567409754
76564345395
76567389541
76564753949
76571391160
76569521784
76582849214
76578762438
76572427438
76575340918
76575225617
76577274766
76580304587
76578785986
76580310404
76582652534
76580653316
76583206717
76586001689
76585826962
76584891174
76585783437
76609402983
76601679251
76598082313
76587554411
76597248629
76590430677
76590266344
76595262941
76596215602
76597355436
76601191852
76600183051
76599449769
76601403808
76603704795
76602071497
76605272055
76607859860
76608781529
76608353971
76616810431
76610264950
76611704277
76619710019
76617818221
76617767806
76620820229
76720658953
76694214671
76632379666
76626485431
76625705260
76626829699
76631257958
76633039691
76663020460
76661280917
76634673110
76633279782
76633175964
76652845694
76643042128
76642015588
76641267901
76640630550
76638658187
76641603742
76642074787
76649178157
76644378081
76646949078
76645634663
76644707054
76647699427
76649062347
76652016074
76649669161
76652099383
76655368294
76656038879
76655712417
76661110509
76658718292
76658541245
76659032869
76661625873
76666800111
76664100458
76665815650
76686349394
76679833737
76674839966
76672603182
76671990204
76671712939
76671455398
76676614899
76674983979
76675241752
76679413105
76679061817
76684406741
76682110395
76681668430
76682086833
76683580302
76686258958
76684909198
76687223282
76692567519
76687753766
76692773884
76713598451
76700206474
76700136751
76694276633
76695076391
76694742531
76697134580
76695121898
76703380478
76702896300
76707731649
76719660562
76717396891
76716163970
76765318155
76729769892
76722170418
76723888404
76723786453
76723343499
76725231429
76724414942
76728533274
76725281336
76749319964
76734401705
76732074996
76731840949
76731488830
76733628832
76734993472
76743577876
76739309308
76739220845
76742865625
76739760198
76745169518
76749983642
76758941535
76757358680
76757222257
76756301088
76755903704
76759295101
76765238787
76851020375
76810313386
76773277335
76767568413
76765998746
76765771588
76768983435
76767735812
76768910335
76768737254
76772771476
76769748264
76772996534
76775707849
76773554594
76810234464
76807336980
76782257269
76776758654
76778054788
76777271646
76804587392
76801065263
76796567068
76784345801
76784707570
76800303145
76799525315
76799935941
76802757633
76803800804
76805607236
76804897344
76809988463
76809214587
76809083984
76808474062
76809906647
76839319806
76812116294
76811578684
76818334276
76817702226
76815413131
76817603020
76818056418
76822805472
76818643393
76822067310
76821678518
76820808908
76839105583
76831826446
76823443994
76824017658
76829108047
76825451945
76834121380
76832674004
76832282698
76847166838
76842223348
76841823584
76839743247
76845367132
76843974518
76845671695
76849416013
76848761707
76855764093
76855231157
76859825268
76855948308
76856626274
76859564755
76859906455
77355073798
76951191429
76864875576
76861056803
76864649597
76862675857
76864362054
76893669048
76879336118
76867100925
76866977605
76865354498
76873932717
76873064821
76870859908
76871773340
76872926271
76877658516
76876359424
76878126348
76892132833
76881225368
76880833720
76884651537
76884511180
76883840509
76886246754
76885480832
76890778039
76912364417
76906932755
76904741781
76903928804
76900037678
76901376840
76905775982
76904781698
76909197237
76947866698
76914926388
76914585033
76920486336
76916094384
76916195035
76917183530
76918632279
76918095596
76917829222
76939149535
76932258756
76924864466
76920927104
76920717069
76920818631
76927042609
76930389454
76931854936
76931753649
76934981227
76935028008
76935129479
76945316353
76941948205
76942841966
76950860938
76950087590
76948560136
77195654974
77106844641
77007968195
76973397492
76965608358
76951945629
76952789980
76952788683
76957075393
76955358022
76953318632
76960007328
76957221685
76963627521
76961653737
76966197995
76968524893
76967452606
76971137903
76982753015
76981908603
76977328590
76980921687
76978893696
76981438809
76992108370
76990097186
76987875840
76982881099
76983483918
76991816274
77004600163
77002426142
76999207178
76999075265
76998566416
76995419257
76994860878
77000734709
77000374275
76999562277
77002417459
77001466797
77002334930
77004514430
77003420513
77003949652
77006971063
77029554448
77021985021
77012108085
77009458776
77009185168
77011351591
77011417886
77014374717
77013377048
77017506605
77017021202
77020092175
77020409774
77021299598
77025759138
77023526184
77025745402
77023934326
77025922901
77028593489
77027487222
77028746150
77033588378
77029982671
77032748485
77032239736
77066043184
77058858845
77040919053
77034412480
77037437043
77035077929
77039028588
77038526253
77053961627
77049570404
77048976741
77048062522
77042162835
77046861591
77049872339
77053344022
77052084823
77050952881
77055831417
77057941177
77062931916
77060385968
77066451667
77066353434
77074171425
77066706303
77069142245
77066872196
77066977380
77072876333
77073112527
77104281146
77082926686
77080535635
77078533129
77076797873
77075201389
77076442553
77078406529
77080427653
77079417871
77082324365
77080985244
77095177876
77093091503
77087968149
77086903117
77086878849
77085516958
77091153957
77093926704
77098639196
77097286507
77096374223
77100467641
77102398061
77105649714
77105564653
77110193672
77107106910
77108357844
77183225200
77142134881
77125705753
77124927271
77116919453
77112575183
77114046972
77116682308
77123199763
77122224801
77122800051
77132660599
77128015489
77127372091
77127073328
77126247187
77132011003
77130093429
77132140226
77141049135
77140856336
77133706051
77133580594
77136502830
77167005212
77148643983
77146804977
77142253587
77146308350
77144427158
77147807559
77149088599
77164533465
77154852765
77153334927
77152917882
77151283918
77150533415
77153707908
77158299222
77161629239
77161581544
77162371792
77166088128
77165149057
77177292380
77167468180
77172963219
77176903350
77173654829
77180696586
77178802665
77179829600
77181568284
77181959806
77191937767
77191595150
77190258831
77184232228
77186434328
77185358059
77189787664
77187788409
77187105515
77195092541
77194010718
77192057583
77193132425
77338064000
77213360246
77197630721
77195864677
77202809491
77199753000
77198545919
77200763064
77200118367
77201377226
77202512278
77203642966
77204836068
77210948498
77209842069
77207535747
77213131262
77238873389
77218795225
77214864085
77213477541
77217391480
77216002907
77222926631
77221821753
77221632257
77220545338
77221941688
77222362229
77228635730
77227985511
77225689642
77225158699
77223614891
77231159276
77228870177
77229148093
77228966699
77234902213
77232458073
77232786908
77234997177
77236187997
77331897430
77274504192
77241748775
77239182411
77241413544
77246730616
77244435681
77246591329
77244731719
77245423659
77245284665
77264935264
77262891515
77256634470
77247352022
77247302593
77250797889
77249164708
77250282313
77254045397
77259097628
77258737243
77257661730
77260049514
77260433958
77263983564
77262892691
77269206070
77267962178
77273419222
77290489435
77280948432
77280597563
77275996803
77283675643
77282236827
77283122385
77283296789
77289114250
77284343466
77287385693
77286585165
77284630207
77295584247
77292843343
77292346212
77295383491
77314118078
77303796299
77299176854
77303014022
77313356981
77307465709
77304333100
77304024259
77305841497
77309869583
77310654874
77313463691
77329089335
77326831711
77320476319
77317362544
77323294512
77324242859
77328214957
77326921099
77330954318
77330369303
77330319997
77329492976
77331523237
77331631855
77337558881
77333350932
77334811002
77340326574
77339475977
77338533327
77351250858
77344615035
77342623770
77341484521
77340941509
77342559356
77341921218
77342226117
77343726750
77343065877
77346291918
77345313866
77345893717
77347000785
77350070983
77349406940
77354987571
77354461019
77352316811
77353545241
77376088999
77361701478
77356308976
77360829307
77357071681
77358063822
77360958671
77363929964
77365908378
77373794191
77366855566
77370811862
77369685958
77366986598
77370545259
77375366212
77436272176
77403384280
77377410227
77376221238
77397707560
77382503424
77379485571
77377678739
77378717691
77379583107
77388774836
77384182393
77385357687
77388240783
77386193427
77391929014
77391586895
77393953234
77392609553
77393651011
77395567321
77394339799
77394466060
77396183454
77396658371
77396316000
77400421384
77398584025
77401016734
77401431312
77401035612
77402953397
77417259783
77405034678
77403922227
77403990957
77412802489
77411069281
77407243101
77405330851
77416432069
77429319393
77428604061
77424706568
77418819880
77418316263
77417398617
77418679321
77423401169
77419359123
77422651062
77422075873
77427361964
77428319853
77434412201
77461431721
77456103724
77454011004
77453353401
77437719358
77436478373
77447048704
77444640691
77443180306
77439828062
77446972127
77447392160
77453679680
77454353380
77455212436
77455175307
77456410634
77456136533
77456136891
77457836937
77456930253
77460349252
77463757130
77463569554
77467976502
77465662504
77468711160
77899370083
77753983497
77546247258
77541468797
77517472775
77516182552
77478624594
77474894758
77470797172
77469613356
77471970190
77471119182
77494782480
77486506369
77481742314
77480794213
77484255499
77492482279
77486947925
77489541090
77495457933
77503689282
77502636198
77499381335
77511216376
77503970897
77506584811
77507245724
77506901587
77510610199
77515523430
77512814561
77512310236
77514130515
77515007940
77540399739
77537225906
77518266288
77534065794
77528743151
77522353379
77521528475
77520421328
77532141225
77529507484
77536385481
77539562445
77537691019
77545352118
77543605351
77544684951
77543908259
77545578606
77545911828
77666176089
77553903372
77548908082
77551991258
77552090655
77552390233
77610211137
77605322215
77592940480
77571848086
77567499731
77561778351
77554411813
77555753168
77554517168
77560912542
77564837227
77571586461
77571807755
77591332270
77587862903
77577322731
77584352520
77581449719
77577384985
77583049359
77581688517
77586034701
77585638954
77590193338
77588031750
77590946087
77604934512
77598940996
77598846561
77595815888
77593613956
77597411932
77602059530
77599357617
77602629496
77606254876
77605902414
77608816732
77609466791
77627084546
77622959353
77617384925
77611369243
77614331325
77615865767
77617858629
77620614469
77618974423
77618021301
77621576056
77621584029
77622982523
77637447425
77632527987
77632210019
77629830704
77630397601
77633406947
77634348609
77637367225
77635912949
77646563664
77642758000
77641609914
77640563016
77640496613
77641404940
77646371255
77642997670
77664577287
77657668963
77648744085
77647647030
77646970683
77654428156
77651570522
77651783434
77658026411
77663949600
77659066979
77665890920
77665970977
77669458835
77666380537
77667857459
77666943508
77668068759
77696218242
77685102967
77673955146
77673595860
77670940257
77670232993
77673175392
77672743599
77673749347
77684304164
77680579235
77674945881
77674714923
77676671397
77675178319
77678781263
77678549118
77677455809
77682979951
77683710416
77693706735
77691087081
77687901680
77686552151
77693688377
77693225617
77691218441
77691416317
77696124322
77695573000
77718324938
77712067692
77697679817
77697253943
77697427488
77705709201
77704725317
77702720374
77699524171
77704125941
77705585700
77709233078
77706258400
77709762439
77715591865
77713037523
77713356428
77717286413
77717265350
77717933702
77723635253
77722730980
77722490633
77733740897
77728003207
77726811224
77724206210
77726660740
77732298460
77728389931
77729312988
77733233744
77737863531
77734067637
77737243459
77752236551
77741591268
77745525808
77744917403
77891699658
77869273224
77802953069
77764761458
77764677993
77759756128
77754623428
77754388338
77758012264
77759656446
77763149271
77760289656
77760029641
77762739865
77764050846
77770839209
77765374182
77771541467
77801951250
77793463948
77773876771
77772949365
77772873864
77775093342
77776468769
77785826916
77784975049
77781649923
77777001783
77780735915
77798142249
77795336683
77793939684
77795533841
77797611801
77799219439
77821990189
77803259037
77804251505
77806818779
77806415292
77804876449
77804666737
77805768701
77812967683
77814273645
77820201773
77831490989
77825221967
77824127184
77823398230
77823836605
77828738456
77858444888
77851642419
77837578992
77833023284
77835820064
77834457296
77839608712
77837859359
77838940054
77839412971
77844949677
77842462629
77841331345
77843567120
77851362252
77847862847
77849605085
77855402165
77854204719
77853415847
77852063655
77856738528
77864822577
77860810422
77864492562
77864327928
77864730355
77867443448
77866326887
77869260712
77881720644
77874220305
77872519910
77870238839
77869722179
77869659177
77881281929
77875494330
77877874494
77875636493
77884701568
77885251663
77885524299
77891309006
77886858101
77888935441
77888227327
77890208722
77890245965
77897119375
77894415623
77892206800
77892521685
77893278018
77898130625
79045434259
78020329354
77933636811
77914725489
77903184907
77899851747
77913044676
77909895500
77909028223
77906716215
77909417391
77909979616
77911026572
77914125537
77929560982
77926628134
77923914478
77915790793
77922553909
77922165904
77919618904
77928812432
78018323706
77962762097
77935633244
77934414750
77934654316
77935345100
77944730860
77942052759
77941645303
77936888305
77940590978
77939211998
77955841404
77950541754
77946029126
77949424230
77947820836
77954536867
77953156072
77958585097
77960033085
77961065623
77978562342
77968650838
77962879942
77966367993
77963317440
77963721868
77964474958
77965575328
77967295735
77968405559
77967367913
77976493528
77971049709
77969740022
77969997091
77975380177
77975135628
77971922154
77972204758
77972912503
78009807448
77994773720
77981445826
77978925168
77979766716
77994222571
77987894750
77987784057
77983180605
77984074301
77983461737
77983408230
77985101040
77985481179
77993529874
77988995742
77992827140
77992812025
77991114748
77993295113
78001732371
77996475086
77997116977
78001559553
78008391149
78003440222
78004487492
78007565213
78005290149
78006353954
78014320482
78010703136
78010504238
78012209897
78012553999
78015664575
78018215266
78019843679
78019384000
78963303308
78486993292
78029610541
78022856490
78029145375
78025542939
78261733261
78110406847
78087932543
78032392727
78029751467
78031335812
78031213545
78031580228
78060800312
78054849128
78053441623
78038293422
78037770855
78037394734
78045565860
78044097827
78039699817
78043965460
78050788903
78048538140
78050383342
78053215427
78056369165
78055664663
78056647819
78060631764
78059758924
78057476517
78059987088
78060226320
78085284147
78083016522
78061011796
78067177010
78063300480
78061608731
78076449217
78069106980
78072035924
78070458162
78070210865
78076107788
78082570353
78079180520
78083087581
78084551823
78087101249
78087040807
78086931667
78087742309
78087621616
78090823376
78088794975
78088286896
78101610089
78095641980
78093865364
78092898342
78092636304
78093520549
78100098613
78097845667
78097804696
78096409456
78099091524
78099898625
78106833622
78103438301
78102033062
78101902573
78102544539
78103454416
78109829732
78222823164
78117702034
78111184772
78111587114
78113474193
78111983829
78124585821
78120238063
78118832983
78118528126
78118692355
78124476910
78161231958
78155718576
78152037973
78135076631
78127381924
78132363236
78128642642
78129780573
78135030515
78133066480
78134723912
78148669548
78135926656
78146178375
78139977409
78143630691
78141597541
78140902702
78142340438
78142182848
78144933325
78143631553
78147863577
78147381438
78146763070
78149335681
78152743189
78155056144
78158336446
78158272375
78161038369
78159804791
78159090315
78160123833
78160248145
78175712416
78164846933
78162777964
78172633340
78169106509
78214326747
78190751206
78179358151
78176145691
78177043216
78179588179
78186379916
78183843009
78185513282
78189361103
78190891500
78193830048
78192206095
78191257391
78191165393
78205005878
78201615368
78195965020
78198918192
78197438445
78201994799
78213075830
78212547044
78210867344
78212423198
78222329000
78216895009
78221074640
78217711092
78231822468
78231285336
78224446447
78223310909
78223817150
78224015470
78226837948
78224903916
78227542823
78226864535
78230915103
78228827217
78231078565
78238982113
78234744412
78232283610
78233689565
78237057295
78236533939
78236804257
78236699623
78236873926
78257444986
78253588671
78240973214
78243088036
78250729844
78248025053
78244715664
78246670312
78252702881
78255047176
78257744148
78259609819
78259326374
78261273084
78361400575
78295228479
78272942389
78265714784
78262694174
78264736396
78263234057
78263128715
78262902095
78265645671
78267283363
78266206361
78266899872
78269756909
78268624933
78267834602
78272018545
78271829471
78272340992
78277613114
78276629931
78274700488
78273267169
78273414583
78275677740
78275258002
78291388802
78289249341
78277720320
78283964939
78280124290
78283057474
78288787110
78288535570
78289858080
78312935850
78298531366
78297985361
78295249301
78302500268
78300706295
78300339533
78300243143
78302328244
78301782562
78303348918
78303319731
78302966734
78305034982
78311326241
78341645099
78314720386
78335353509
78329328870
78327087095
78321605512
78318081790
78324178146
78322019534
78324901085
78329164883
78334933804
78333813746
78331621101
78334393127
78338831648
78335579242
78338283438
78341547717
78346164691
78345761058
78342781593
78345299889
78345513932
78346151670
78359974854
78346968417
78351368023
78349490595
78348137739
78347338977
78348981397
78352767237
78372923416
78370711656
78364937559
78364095952
78361897713
78364652145
78366678417
78367061232
78367531293
78367491641
78370395718
78371454931
78454484637
78449674558
78412511147
78411892105
78380986131
78379166916
78377507053
78375492617
78374113760
78376425931
78402175675
78397226184
78391501114
78382574653
78383409352
78394099430
78400109210
78400456690
78405676583
78405437527
78405130564
78410828179
78405749142
78409997008
78411501903
78411365485
78445433201
78433987498
78424259987
78422231376
78414611397
78421545449
78420527976
78418488935
78415581587
78414841775
78418072356
78423536016
78431715340
78431066508
78431360428
78432197117
78432500463
78434364543
78434546615
78439770255
78438322724
78436802545
78438573040
78443651808
78443937165
78445422825
78448312034
78445691683
78445497784
78449649929
78454019567
78452045590
78451609206
78452587456
78453796012
78453860366
78480955419
78469608577
78461132544
78460758605
78455627167
78454734177
78462607751
78461732374
78465933943
78463680556
78464988481
78469245583
78480475516
78475387266
78470352213
78474386628
78474129443
78474915702
78478330070
78475511611
78476256362
78476232711
78480716551
78485292445
78484370827
78482430145
78485767801
78928451705
78571479245
78550486540
78528240911
78511711379
78495080370
78494161873
78487942431
78487787227
78492770909
78493321994
78500308945
78496478823
78497570360
78498723892
78501662231
78506758856
78506073110
78502363673
78509283494
78509007238
78519034812
78514993979
78513048845
78512014232
78523596499
78520254024
78523280593
78522209790
78523654028
78531451546
78549007939
78534701170
78533358956
78534137253
78534359818
78538066474
78535381554
78536718128
78541663988
78540766294
78541124378
78548842225
78545108422
78545582288
78549446085
78568744967
78562142617
78556228341
78552246799
78551530423
78555218878
78553412225
78557579111
78557507305
78556485584
78558022038
78560631314
78559329330
78559791691
78566114287
78563330222
78562803162
78565991423
78566028663
78568757477
78570932560
78904574855
78785220148
78708405322
78586154084
78582838970
78573297642
78572222133
78576289201
78575456929
78579862517
78577915131
78584068416
78612645606
78594187715
78587074245
78592974105
78587862348
78592935365
78592244424
78596391285
78595528553
78612066882
78610249102
78602972664
78601558329
78610239853
78607902332
78604806268
78605526248
78610189270
78608206445
78611251789
78634159089
78631517487
78626636879
78618742237
78613657964
78614321428
78614870119
78615440292
78623050858
78618859509
78626498551
78625780419
78631248010
78627818990
78627422950
78630184117
78632629657
78632804265
78672455127
78644787586
78640744926
78639674402
78635332900
78640720909
78642157402
78641444262
78657868940
78645395098
78645168699
78654374156
78653369985
78649481852
78648674200
78646100214
78649861596
78655783956
78661620651
78661954071
78671723749
78661968022
78690004787
78686159484
78672489281
78673068556
78672759102
78685152519
78674761607
78677027517
78680123165
78682875356
78686636512
78686485162
78686686557
78689651593
78700882624
78698501728
78692776910
78693170439
78698027708
78696215145
78699016053
78699003664
78700383156
78701869041
78707845835
78702133375
78702410402
78706516869
78746548348
78732390638
78712698053
78709290546
78708755106
78708511629
78713969988
78725943284
78719212371
78723305425
78723126506
78724628801
78725099224
78725959504
78730269052
78742425024
78733211145
78742388946
78739906622
78735202239
78734858012
78738295336
78735365107
78737427184
78735515814
78739797719
78742072249
78741913129
78741032428
78742828006
78742473426
78745752954
78745023508
78774828380
78769214157
78763194616
78758793796
78753515694
78746945106
78751031830
78747550903
78747412785
78747756085
78755866121
78753748072
78754312084
78762283913
78767391688
78763617199
78768488022
78770519826
78769844649
78782593621
78774871397
78776618656
78775792258
78778546314
78871763892
78820963119
78808559118
78797788941
78797431820
78791373574
78786772581
78788615297
78795455572
78793152298
78792831537
78791702852
78792951538
78794015204
78798089073
78802746461
78798958433
78798228610
78806870793
78803757413
78807794077
78818514934
78812354086
78809906490
78808638084
78810327645
78812822390
78815348967
78817412021
78816994318
78838581086
78830102320
78826209484
78825287924
78823621169
78829051080
78827781550
78827446177
78827694085
78829307577
78830188772
78830423756
78836371989
78835539147
78838096912
78837231006
78860611700
78846865325
78842247832
78844621883
78842750580
78842790056
78844862457
78850866732
78850572666
78847933624
78847708444
78848838643
78854656463
78851204268
78860354676
78859300894
78857025868
78856205110
78858380764
78867720848
78861142946
78860804579
78867290918
78864337028
78866215574
78870597424
78867776040
78869486722
78868003696
78870205441
78869790774
78870819602
78882478399
78881350328
78878544280
78872948108
78872733651
78877837612
78876606582
78879679359
78881955635
78882065812
78891907323
78888523964
78885315588
78884506894
78885208113
78889079095
78889069798
78890101333
78889992220
78894006669
78903696711
78898673687
78895547048
78896446648
78897082373
78903202946
78903247060
78903891272
78915777154
78914889382
78908718988
78908117307
78905961396
78908482526
78908300318
78913810296
78914963021
78915317241
78916537602
78915898946
78927434161
78919242812
78921041734
78920669151
78925377304
78924038720
78958700832
78940687718
78935797583
78933120305
78929356108
78930913382
78930353651
78936031693
78935850906
78936197537
78954468255
78944541232
78943910642
78941168801
78942830766
78942367600
78947092276
78946836946
78945405494
78948967829
78947420544
78953005237
78958045014
78956565555
78954782372
78960133021
78959937590
78959811562
78960178840
78960912484
78960887814
78962955698
78961818210
78984764815
78970174776
78967956150
78965589893
78963331113
78969639521
78968170735
78980160393
78970464135
78979229018
78977186989
78975361539
78978982232
78984750744
78982543055
79002190717
78993222440
78990391049
78987363176
78985075040
78988904422
78996502377
78995653426
78996305639
79001763515
79011534033
79009627957
79005466992
79004772995
79009517925
79005974278
79010274247
79009921692
79044827086
79013632536
79012318611
79011868539
79011616963
79011878159
79033730435
79024115945
79021875234
79019217280
79015848734
79022997734
79032571541
79031711194
79026414952
79027521221
79031972836
79031859201
79037179911
79036556603
79040971862
79040481039
79039214310
79040551543
79042337805
79041855299
79043960372
79042491963
79044599445
79044922845
79911374201
79081535939
79075355095
79066582578
79048460857
79046635534
79060376053
79058032377
79051822735
79054894119
79065057048
79063779775
79065652830
79069742244
79067999256
79071316350
79071621767
79071937357
79079889321
79078959880
79077523688
79080059647
79595815723
79093503436
79083709843
79081995390
79082453535
79086381870
79084816646
79088779288
79087343141
79086906120
79086631335
79087218035
79091766202
79088877354
79426809554
79321895314
79111320424
79098156233
79096561140
79095447299
79093910506
79095470821
79095691238
79097920394
79102699271
79102696424
79098537539
79102537374
79105592611
79105044022
79103292858
79106636024
79110586684
79107278911
79107009261
79226756938
79223556107
79187829047
79111794746
79185361867
79174572517
79134021585
79123658922
79115280842
79113502313
79114895196
79113578735
79123200228
79120698553
79119789594
79117399772
79115560203
79118661697
79121057413
79121856063
79131172998
79128636368
79126923085
79169007501
79163028947
79138683662
79136851589
79134104216
79136515144
79135044489
79135188289
79137962062
79145360036
79141201841
79139067854
79141590926
79142781751
79153532310
79152294191
79145716444
79151253470
79153386026
79155355134
79158132331
79156739086
79157631685
79158682426
79168080359
79177773985
79176816731
79175731257
79176838924
79177067301
79183574175
79179571874
79181936577
79180302016
79184263025
79186123580
79186971000
79186335973
79186166335
79187542863
79193247597
79188613507
79189520665
79198530102
79195385281
79196647930
79208927870
79206589799
79205570451
79203496695
79200709927
79208748669
79206995126
79212344074
79210271585
79216632625
79221700705
79222109127
79226190580
79273184695
79261334975
79250448586
79235472760
79228932231
79234154460
79235769885
79241832395
79249325859
79244086231
79244088663
79257900437
79251242853
79252441324
79252213017
79252844568
79252933976
79268427867
79266847344
79262652044
79264845735
79263957937
79267232182
79268786208
79272382968
79270533174
79311798896
79301844385
79293048268
79282178179
79276299998
79276072135
79274640848
79275575442
79281278811
79277070376
79278410869
79281320381
79284482394
79283255648
79284372876
79291838646
79291491333
79286735257
79294830674
79294236974
79293554268
79294043885
79300019411
79298227906
79300989528
79300550729
79308723724
79306340094
79305188075
79302110349
79307874322
79306435271
79310607711
79318360663
79313340763
79316901493
79316253101
79315449061
79317430870
79318257135
79321819011
79319626875
79319132085
79416982300
79328699750
79324649769
79323478928
79325221061
79327268089
79326119063
79328393287
79328321753
79328661860
79337948903
79331509525
79328789853
79335691465
79334075606
79332451026
79337503197
79415513572
79363515101
79338023079
79361672956
79339772479
79339423862
79355507238
79352089627
79342251073
79342064277
79342865180
79351740335
79351228248
79354802745
79352381980
79355581757
79360904789
79361536810
79389440442
79377544468
79375514530
79367931789
79371908497
79376479433
79375868645
79379802310
79378676915
79386028069
79381460115
79381352289
79380898379
79382148285
79386049301
79399176459
79394043319
79389690712
79393045386
79392861709
79391352656
79394805319
79398638711
79395960012
79395572338
79407991363
79406373133
79405350039
79404278414
79412400748
79416840942
79416126180
79425314153
79419521284
79418121068
79423298954
79419828306
79419850500
79420316108
79420474130
79420453206
79423397546
79426775354
79510193636
79444973544
79438478323
79427481384
79434905465
79434605590
79429748941
79436701464
79435680678
79437062276
79443239443
79441794601
79480157645
79471846903
79457227187
79454575585
79448870797
79447681588
79450980830
79450595382
79449953203
79450499722
79454160973
79451660448
79461007525
79458798385
79458675389
79460226507
79470703376
79463174571
79461197231
79465436476
79469939313
79465761057
79473409846
79472058494
79472578258
79472308190
79472073484
79472522370
79476316776
79476511494
79509998462
79494763920
79483799969
79481917704
79483453391
79482690220
79491701353
79488842275
79485002079
79489660104
79494698156
79492530698
79494879722
79497722892
79508334895
79497881416
79502828638
79502255521
79507076646
79515532265
79512014617
79511336274
79511218897
79514023569
79513107674
79513206525
79517117935
79521834083
79517660606
79571036666
79565973638
79564617975
79559770657
79547938391
79538694515
79528580785
79522875874
79527826299
79529911097
79538056915
79533509694
79530912669
79536435913
79547803988
79540689357
79539222352
79542035788
79543005433
79546445112
79552974326
79548741227
79548263489
79548204681
79548399261
79551286630
79551167716
79555202421
79553563091
79559272761
79556376961
79555339966
79557129512
79558840920
79559522523
79563164502
79559875410
79562237607
79564141368
79565220764
79569673064
79569503800
79566515926
79567793559
79569437129
79591377038
79573757909
79583034276
79577061395
79573988836
79581627481
79577277275
79578327303
79584546376
79583659532
79590018741
79590929850
79590989149
79595274260
79593855461
79592443742
79595506491
79899847370
79636507131
79615739436
79611771539
79603157826
79597032584
79598342647
79611237453
79606734783
79604740218
79611911199
79614870976
79614348959
79615618104
79616063091
79635367004
79626212300
79617616345
79617499577
79621026828
79622677302
79621151496
79623691934
79632321271
79631649009
79632089621
79633158564
79634332352
79635852791
79635563142
79636185123
79635940468
79747422633
79741017449
79646754715
79639109622
79637098293
79645527539
79642982304
79642335554
79645699603
79677543581
79668428287
79646890139
79647894549
79647792605
79657532200
79651803664
79650783820
79648728113
79655973627
79655555874
79653893244
79657445502
79657254757
79664218037
79658392678
79660363045
79661023164
79669149805
79668640405
79675784752
79673236780
79671232546
79674365404
79676834547
79676629690
79677331846
79723999727
79705176812
79680088519
79677704762
79677549913
79678423521
79695297281
79685205534
79681272395
79681168935
79684797849
79681680898
79692492870
79691587861
79690595632
79687602835
79695288596
79699607579
79696744557
79698338614
79703210307
79702624975
79700932682
79703124781
79711594083
79709255947
79705429659
79709117149
79708751368
79706231565
79706139161
79709560244
79711502960
79709893244
79713184974
79712296073
79712584645
79715412829
79720432354
79717763089
79728090459
79724491100
79724318103
79724368232
79724747608
79724638489
79727119026
79730710404
79729800266
79728881999
79731467701
79730863638
79736243211
79735059023
79734784639
79735681265
79735130758
79736373010
79740305967
79736975210
79738461052
79740885322
79741099641
79743484925
79743951454
79747410886
79746821072
79799864516
79762095416
79759408056
79752140587
79748718893
79751777879
79750215484
79752077052
79757483293
79755406310
79754847491
79753564260
79753197202
79754223358
79755414050
79759714242
79761100690
79759973453
79773259171
79772814441
79765364302
79762516961
79763497569
79762656406
79769293354
79767198105
79767897625
79794120188
79784383231
79781557134
79779548890
79775798607
79773933516
79787773864
79785875867
79792156606
79792095908
79792260395
79793859115
79794692643
79797561048
79799730274
79899176391
79868038521
79843168677
79825931490
79805323585
79799926846
79800945478
79819220104
79806733035
79810647841
79809233637
79808463211
79807067511
79809680906
79816402820
79812415571
79812053902
79811511099
79816142422
79815805228
79812935454
79817999627
79825895120
79821984991
79821684492
79821288457
79823184028
79824565439
79833142511
79832567671
79829067681
79827274982
79842274659
79839296971
79837073742
79838602258
79838149704
79842021183
79839379001
79842604342
79854551429
79850138660
79847942886
79847393973
79848772377
79849189400
79849911105
79851717094
79850604086
79851727593
79853136082
79853319375
79854672213
79856957864
79865455126
79860442438
79857909248
79863145686
79861832179
79863087906
79867695084
79886066945
79878564237
79871476498
79868099065
79875925455
79873999988
79875042322
79875827894
79877026288
79877513478
79882971111
79880990839
79883790493
79885681867
79884523884
79888292378
79886476228
79887069069
79899088246
79891618128
79890522278
79891477473
79891278858
79898384632
79893828943
79894870333
79898680076
79899543900
79902262066
79900194865
79900820428
79911082170
79902855059
79902949702
79911150745
79990740058
79930473622
79912913693
79912438859
79911649275
79922755782
79913465106
79915309596
79914386023
79919467609
79919069601
79921571888
79928679925
79927718411
79923511979
79929618736
79929899849
79929966982
79965704673
79934688620
79931925707
79933395629